0 0.34885 0.5683 917.7910491699218 143.0711296875
1 0.6774833333333333 0.775 77.12031005859374 36.84295737304687
2 0.8082166666666667 0.8263 20.642031164550783 10.201401599121093
3 0.83865 0.8372 5.817662371826172 2.9384233184814454
4 0.8448666666666667 0.8387 1.7051427664438883 0.8917369361877442
5 0.8467 0.8386 0.535221055730184 0.3051187208175659
6 0.8472666666666666 0.8386 0.19768414600690207 0.13540957260131836
7 0.84755 0.8385 0.09945015687942504 0.08608559374809265
8 0.8476166666666667 0.838 0.07069886550108592 0.07173932337760926
9 0.8475833333333334 0.8382 0.062252569993337 0.06758162956237793
10 0.8476166666666667 0.8382 0.05976563177506129 0.06638867774009705
11 0.8475833333333334 0.8382 0.0590326628168424 0.06605352756977081
12 0.8476333333333333 0.8381 0.058816756077607474 0.06596333615779877
13 0.8476166666666667 0.8381 0.05875333000421524 0.06594125967025757
14 0.8476166666666667 0.8381 0.05873481190999349 0.06593711862564088
15 0.8476166666666667 0.8381 0.05872947173515956 0.06593712360858917
16 0.8476166666666667 0.8381 0.058727967933813734 0.0659377609014511
17 0.8476166666666667 0.8381 0.05872756458918254 0.06593827996253968
18 0.8476166666666667 0.8381 0.05872746759653091 0.06593860015869141
19 0.8476166666666667 0.8381 0.058727453895409905 0.06593877546787262
20 0.8476166666666667 0.8381 0.0587274551709493 0.06593887794017791
21 0.8476166666666667 0.8381 0.05872745850880941 0.06593893568515778
22 0.8476166666666667 0.8381 0.05872746193011602 0.06593895943164825
23 0.8476166666666667 0.8381 0.05872746402422587 0.06593898267745972
24 0.8476166666666667 0.8381 0.05872746550242106 0.06593899004459382
25 0.8476166666666667 0.8381 0.05872746580441793 0.06593899891376495
26 0.8476166666666667 0.8381 0.05872746625343959 0.0659389963388443
27 0.8476166666666667 0.8381 0.05872746518452962 0.06593899984359741
28 0.8476166666666667 0.8381 0.058727465407053626 0.06593899943828582
29 0.8476166666666667 0.8381 0.05872746605078379 0.06593900380134582
30 0.8476166666666667 0.8381 0.05872746683359146 0.06593899707794189
