0 0.7272666666666666 0.7852 1032.3160821948609 0.09815478196144103
1 0.8088333333333333 0.7852 0.0900449646949768 0.09815670728683472
2 0.8088333333333333 0.7852 0.09004498324394226 0.09815670275688171
3 0.8088333333333333 0.7852 0.09004498311678569 0.09815670056343079
4 0.8088333333333333 0.7852 0.09004498380025228 0.09815669856071473
5 0.8088333333333333 0.7852 0.09004498250484466 0.09815670480728149
6 0.8088333333333333 0.7852 0.09004498264789582 0.09815671219825745
7 0.8088333333333333 0.7852 0.0900449836174647 0.0981567051410675
8 0.8088333333333333 0.7852 0.09004498297373453 0.0981567090511322
9 0.8088333333333333 0.7852 0.09004498387972514 0.09815670127868652
10 0.8088333333333333 0.7852 0.09004498424530029 0.09815670766830445