0	0.1453	0.1836	4452.121581445313	504.61494453125
1	0.20125	0.2321	411.50478942057293	348.964790234375
2	0.24201666666666666	0.2695	312.2780755533854	282.3666123046875
3	0.27486666666666665	0.3019	260.8758627604167	241.1108787109375
4	0.3046	0.3309	226.44136748046876	211.5850099609375
5	0.3309666666666667	0.3551	200.73267111002605	188.83442744140626
6	0.3556666666666667	0.3774	180.37710551757812	170.4906171875
7	0.37855	0.3994	163.64698221028647	155.231770703125
8	0.40073333333333333	0.4221	149.53190310872395	142.24499970703124
9	0.42278333333333334	0.4396	137.3884412923177	130.9963578125
10	0.4432	0.4594	126.78212433268229	121.1178638671875
11	0.4630666666666667	0.4794	117.40666157226562	112.34629482421875
12	0.4821	0.5003	109.03872654622396	104.4876275390625
13	0.5007666666666667	0.5172	101.51090030924479	97.39507138671875
14	0.51885	0.536	94.69463930664062	90.95502685546874
15	0.5367	0.5565	88.4891691813151	85.0778310546875
16	0.5544166666666667	0.5744	82.8139939860026	79.69142587890624
17	0.5717833333333333	0.5903	77.60374540201823	74.73695385742188
18	0.5879166666666666	0.6076	72.80453990071615	70.16566650390625
19	0.6044333333333334	0.6258	68.37137198079427	65.93664838867187
20	0.6196166666666667	0.6409	64.26620466308594	62.015180224609374
21	0.6351666666666667	0.6532	60.456552067057295	58.37149067382813
22	0.64885	0.6678	56.91440892740886	54.97983139648437
23	0.6626833333333333	0.6788	53.61542848307292	51.8177359375
24	0.67575	0.6901	50.53829136555989	48.86547651367187
25	0.6876166666666667	0.7025	47.66420350748698	46.10561030273438
26	0.6996666666666667	0.7127	44.97649787597656	43.52262775878906
27	0.7101833333333334	0.7213	42.46032021077474	41.10267734375
28	0.7208833333333333	0.7303	40.102362471516926	38.833315454101566
29	0.7305666666666667	0.7403	37.89065481770833	36.70332446289063
30	0.7394333333333334	0.7483	35.81438665771484	34.70256027832031
31	0.7477666666666667	0.7572	33.8637637125651	32.8218052734375
32	0.7553	0.7648	32.0298810546875	31.0526720703125
33	0.7621166666666667	0.7705	30.30462138264974	29.387498852539064
34	0.7684166666666666	0.7768	28.680562959798177	27.819267114257812
35	0.7739333333333334	0.7844	27.150904911295573	26.341540771484375
36	0.7794333333333333	0.7903	25.709402852376304	24.948401171875
37	0.7852833333333333	0.7951	24.350310192871095	23.63439111328125
38	0.7901166666666667	0.7984	23.06832784830729	22.3944751953125
39	0.7942666666666667	0.803	21.858561885579427	21.223995947265625
40	0.7985333333333333	0.8069	20.716484525553387	20.1186404296875
41	0.8018166666666666	0.8112	19.637901529947918	19.074409887695314
42	0.8053666666666667	0.8153	18.61892083943685	18.087589501953126
43	0.8084833333333333	0.8176	17.655926865641277	17.15472421875
44	0.812	0.8202	16.745556591796873	16.272598864746094
45	0.8146666666666667	0.8237	15.88467876180013	15.43821591796875
46	0.81715	0.8251	15.070372918701171	14.648779223632813
47	0.81925	0.8277	14.29991494547526	13.901678430175782
48	0.8214	0.8302	13.570760880533854	13.194471618652344
49	0.82325	0.8318	12.880531923421223	12.524877111816407
50	0.8250833333333333	0.8332	12.227002126057943	11.890756323242188
51	0.82675	0.835	11.608087599690755	11.290108142089844
52	0.8283666666666667	0.8364	11.021835243733724	10.721052490234374
53	0.83	0.8381	10.46641393737793	10.18182855834961
54	0.8314166666666667	0.8394	9.940105049641927	9.670782598876952
55	0.83245	0.8398	9.441295651245117	9.186360260009765
56	0.83335	0.8409	8.96846966044108	8.727101281738282
57	0.8347666666666667	0.8418	8.520202155558268	8.291632092285155
58	0.8358	0.8424	8.09515327758789	7.878660577392578
59	0.8367166666666667	0.8432	7.692061906941732	7.486969470214844
60	0.8378	0.8435	7.309740585327148	7.115412646484375
61	0.8388833333333333	0.8439	6.947070977783203	6.762910974121094
62	0.8394666666666667	0.8448	6.60299950764974	6.428446026611328
63	0.8400666666666666	0.8461	6.276532978312175	6.111058569335937
64	0.8406	0.8471	5.966734696451823	5.809842980957031
65	0.8412166666666666	0.8475	5.672720956420898	5.523944781494141
66	0.842	0.8482	5.393657874043782	5.252557293701172
67	0.8424666666666667	0.8485	5.128758174133301	4.994918905639649
68	0.84285	0.849	4.877278371683756	4.750310009765625
69	0.84325	0.8498	4.638516235860189	4.518050805664062
70	0.8434333333333334	0.8503	4.41180811513265	4.297498828125
71	0.84385	0.8506	4.196526876322428	4.0880462951660155
72	0.8443833333333334	0.8508	3.992079500834147	3.8891189880371093
73	0.8446666666666667	0.8516	3.7979051834106445	3.700173260498047
74	0.84515	0.8517	3.6134735900878905	3.5206951690673827
75	0.8455166666666667	0.8522	3.43828283589681	3.3501981231689455
76	0.8458666666666667	0.8525	3.271858013916016	3.1882214233398436
77	0.8464166666666667	0.8527	3.113749701944987	3.034329376220703
78	0.8465166666666667	0.8528	2.963532307434082	2.8881091918945314
79	0.8469333333333333	0.8531	2.8208028564453125	2.74916962890625
80	0.8470833333333333	0.8532	2.6851797742207846	2.617140530395508
81	0.8472166666666666	0.8537	2.5563015396118165	2.4916710403442384
82	0.8474833333333334	0.8534	2.433825728861491	2.3724286209106444
83	0.8477833333333333	0.8535	2.317427782694499	2.259098143005371
84	0.8478833333333333	0.8535	2.2068002014160157	2.151381217956543
85	0.8479	0.8535	2.1016514973958333	2.0489944396972657
86	0.8479833333333333	0.8536	2.001705275472005	1.9516695266723634
87	0.8483	0.854	1.906699543762207	1.859151873779297
88	0.8485166666666667	0.8539	1.8163858484903972	1.7711999755859376
89	0.8484833333333334	0.8541	1.730528537495931	1.6875851333618164
90	0.8487333333333333	0.8542	1.648904138946533	1.6080897842407227
91	0.8487833333333333	0.8541	1.571300659942627	1.5325081253051758
92	0.8488833333333333	0.8541	1.4975169881184895	1.4606446380615234
93	0.8489333333333333	0.8541	1.427362291208903	1.3923136291503906
94	0.8490666666666666	0.8542	1.360655507405599	1.3273392349243165
95	0.8492166666666666	0.8548	1.2972248027801514	1.2655541389465332
96	0.8493833333333334	0.8545	1.2369070437113443	1.206799910736084
97	0.8495	0.8548	1.1795474697113038	1.1509259414672852
98	0.8496666666666667	0.8548	1.1249990915934245	1.0977892456054688
99	0.8498833333333333	0.855	1.0731224175771077	1.0472540664672851
100	0.8498333333333333	0.8555	1.0237850030263265	0.9991917060852051
101	0.8499166666666667	0.8554	0.9768610286712647	0.9534795578002929
102	0.8500333333333333	0.8555	0.9322310715993245	0.9100015876770019
103	0.8501166666666666	0.8556	0.8897817588806153	0.8686473823547364
104	0.8502166666666666	0.856	0.8494053563435873	0.8293120674133301
105	0.8502166666666666	0.8558	0.8109995347340901	0.7918961601257324
106	0.8503	0.8557	0.7744671279907227	0.7563049545288086
107	0.8502666666666666	0.8556	0.7397158215840658	0.7224486862182617
108	0.8503333333333334	0.8553	0.7066579041798909	0.6902419700622558
109	0.8502666666666666	0.8556	0.6752100791295369	0.659603642654419
110	0.8503166666666667	0.8555	0.6452931840896606	0.6304566780090332
111	0.8503666666666667	0.8554	0.616831991704305	0.6027278495788574
112	0.8504666666666667	0.8555	0.5897550526301066	0.5763476028442382
113	0.8505333333333334	0.8555	0.5639944461186727	0.5512497344970703
114	0.8505166666666667	0.8555	0.5394856164296468	0.5273714324951172
115	0.8505	0.8554	0.516167235438029	0.5046530158996582
116	0.8504333333333334	0.8555	0.49398102569580077	0.4830375953674316
117	0.8505333333333334	0.8555	0.4728715603510539	0.46247130279541016
118	0.8505833333333334	0.8555	0.452786177444458	0.4429028091430664
119	0.8506666666666667	0.8554	0.4336748193740845	0.42428336830139163
120	0.8507166666666667	0.8553	0.41548989124298097	0.40656660614013673
121	0.8507833333333333	0.8553	0.3981861702601115	0.3897085178375244
122	0.8507333333333333	0.8552	0.3817206392923991	0.3736671115875244
123	0.8507833333333333	0.8553	0.36605240726470945	0.3584026388168335
124	0.8506833333333333	0.8553	0.3511426122029622	0.34387720584869386
125	0.8507833333333333	0.8553	0.336954296875	0.3300547922134399
126	0.8508	0.8554	0.32345231199264524	0.31690120220184326
127	0.8507	0.8553	0.3106032549540202	0.30438382568359373
128	0.8507	0.8553	0.29837534971237184	0.2924717628479004
129	0.8506833333333333	0.8553	0.2867383820215861	0.28113554420471193
130	0.85065	0.8552	0.27566361490885416	0.2703471752166748
131	0.8506	0.8554	0.26512373275756834	0.26008004245758054
132	0.8506	0.8557	0.25509276196161906	0.2503088436126709
133	0.8506666666666667	0.8558	0.2455459794362386	0.24100947875976564
134	0.8506666666666667	0.8558	0.23645988912582397	0.23215904388427736
135	0.8506166666666667	0.8561	0.22781213715871176	0.2237357885360718
136	0.8506166666666667	0.8562	0.2195814598719279	0.21571893749237062
137	0.85065	0.856	0.21174764130910237	0.20808883781433105
138	0.8506166666666667	0.856	0.2042914478302002	0.20082673778533935
139	0.8505833333333334	0.8559	0.19719458452860514	0.19391478595733644
140	0.8506	0.8558	0.1904396450837453	0.18733604230880738
141	0.8506666666666667	0.856	0.1840100755214691	0.18107435836791994
142	0.8506666666666667	0.856	0.17789013051986693	0.17511440477371215
143	0.8507	0.856	0.172064830827713	0.16944156074523925
144	0.85075	0.8561	0.1665199239095052	0.16404195051193238
145	0.8507333333333333	0.8561	0.16124185430208843	0.15890236768722535
146	0.85075	0.8561	0.15621772429148356	0.15401023273468017
147	0.8507333333333333	0.8559	0.15143525948524475	0.14935358304977417
148	0.8506166666666667	0.856	0.14688278822898865	0.14492103061676026
149	0.8506833333333333	0.8562	0.14254920198122661	0.1407017928123474
150	0.85065	0.8564	0.1384239325205485	0.1366855175971985
151	0.8506833333333333	0.8562	0.13449692414601644	0.13286242084503175
152	0.8507	0.8561	0.13075861519177756	0.12922320499420167
153	0.8507	0.8561	0.1271998965740204	0.12575895681381224
154	0.8507	0.8561	0.1238121090888977	0.12246125326156616
155	0.8506666666666667	0.8561	0.12058701232274373	0.11932207469940186
156	0.8506333333333334	0.8562	0.11751676429112752	0.11633376455307007
157	0.8506166666666667	0.8564	0.11459389975070954	0.11348904891014099
158	0.85065	0.8565	0.11181132290363312	0.11078098683357239
159	0.8506166666666667	0.8563	0.10916227130889893	0.10820304265022278
160	0.8506	0.8563	0.10664031957785289	0.10574890451431275
161	0.8505833333333334	0.8563	0.1042393428881963	0.10341263952255249
162	0.8506166666666667	0.8563	0.10195352456569672	0.10118854398727417
163	0.8506166666666667	0.8563	0.09977731785774231	0.09907122106552124
164	0.8506166666666667	0.8563	0.09770545303821564	0.09705554461479186
165	0.8505833333333334	0.8564	0.09573290710449218	0.09513661699295044
166	0.8505666666666667	0.8564	0.09385490534305573	0.09330978083610535
167	0.8505333333333334	0.8564	0.09206690069039662	0.09157060680389405
168	0.8505333333333334	0.8564	0.09036457211971283	0.08991488094329834
169	0.85055	0.8563	0.0887437963326772	0.08833858995437623
170	0.85055	0.8562	0.08720065561930339	0.08683791055679321
171	0.8505166666666667	0.8562	0.08573142150243124	0.08540919632911682
172	0.8505166666666667	0.8562	0.08433254262606303	0.08404902062416077
173	0.8505333333333334	0.8563	0.08300063987572988	0.08275405464172363
174	0.8505333333333334	0.8563	0.08173249905109406	0.08152119150161743
175	0.8505333333333334	0.8562	0.0805250571012497	0.08034742012023925
176	0.85055	0.8562	0.07937540354728699	0.0792299328327179
177	0.8505666666666667	0.8563	0.0782807643810908	0.0781660121679306
178	0.8505666666666667	0.8563	0.07723849688371022	0.07715306758880615
179	0.8506	0.8563	0.07624608857631683	0.07618868126869202
180	0.8506666666666667	0.8563	0.0753011526743571	0.07527050473690033
181	0.85065	0.8563	0.07440140721003215	0.0743963338136673
182	0.8506333333333334	0.8563	0.07354469126860301	0.07356404037475586
183	0.8506333333333334	0.8563	0.0727289363861084	0.07277161586284638
184	0.8506166666666667	0.8563	0.07195218149820963	0.07201716389656067
185	0.8506666666666667	0.8563	0.07121255533297857	0.07129884707927704
186	0.8506666666666667	0.8563	0.0705082864801089	0.07061492834091186
187	0.85065	0.8563	0.06983767068386078	0.06996377363204956
188	0.85065	0.8563	0.06919909984668096	0.06934380729198455
189	0.85065	0.8563	0.06859103966156642	0.0687535176038742
190	0.8506666666666667	0.8563	0.06801202897230785	0.06819151656627655
191	0.85065	0.8563	0.06746067835489909	0.06765641090869903
192	0.8506333333333334	0.8563	0.06693566130399704	0.06714692208766937
193	0.8506333333333334	0.8564	0.06643571565548578	0.06666182971000671
194	0.8506	0.8564	0.06595964554548263	0.06619996540546418
195	0.8506166666666667	0.8564	0.06550630704959233	0.06576021552085877
196	0.8506333333333334	0.8564	0.06507460960149765	0.06534150991439819
197	0.8506333333333334	0.8564	0.06466352068980535	0.06494285566806793
198	0.8506666666666667	0.8564	0.06427205436229706	0.06456328473091126
199	0.8506833333333333	0.8563	0.06389927305777868	0.06420186624526977
200	0.8506666666666667	0.8563	0.06354427899916967	0.06385775346755981
201	0.8507	0.8563	0.06320622574885686	0.06353011438846588
202	0.8507166666666667	0.8563	0.06288430055379868	0.0632181589126587
203	0.8507	0.8563	0.06257773435513178	0.06292113416194915
204	0.8507166666666667	0.8563	0.06228579154809316	0.06263832013607025
205	0.8507166666666667	0.8563	0.062007774802049	0.06236904675960541
206	0.8507333333333333	0.8563	0.061743017609914144	0.06211265530586243
207	0.85075	0.8563	0.06149088635842005	0.06186852972507477
208	0.85075	0.8563	0.06125077862739563	0.0616360978603363
209	0.8507833333333333	0.8563	0.0610221187988917	0.06141477739810944
210	0.8507833333333333	0.8563	0.06080436172087987	0.06120405802726746
211	0.8507833333333333	0.8563	0.060596983655293785	0.06100341582298279
212	0.8508	0.8563	0.06039949074586232	0.060812379384040834
213	0.8508	0.8564	0.06021141391992569	0.06063048288822174
214	0.8508166666666667	0.8563	0.060032297579447426	0.060457297801971434
215	0.8508166666666667	0.8563	0.0598617197394371	0.06029238302707672
216	0.8507833333333333	0.8563	0.059699267288049064	0.06013537197113037
217	0.8507833333333333	0.8563	0.05954455540180206	0.05998587939739227
218	0.8508	0.8563	0.05939721684058507	0.05984353094100952
219	0.8508333333333333	0.8563	0.059256895752747854	0.05970800454616547
220	0.8508166666666667	0.8564	0.05912325843969981	0.05957896480560303
221	0.8508166666666667	0.8564	0.05899598602851232	0.05945609345436096
222	0.8508333333333333	0.8564	0.058874777726332345	0.059339101099967956
223	0.8508333333333333	0.8564	0.05875933967431386	0.05922772092819214
224	0.8508333333333333	0.8564	0.058649398303031924	0.0591216557264328
225	0.8508	0.8563	0.05854469345013301	0.059020675539970396
226	0.8508	0.8563	0.05844497382243474	0.05892452235221863
227	0.8508166666666667	0.8563	0.05835000103712082	0.05883298780918121
228	0.8508333333333333	0.8563	0.05825955023765564	0.05874583213329315
229	0.8508333333333333	0.8564	0.058173404479026795	0.058662836027145386
230	0.8508333333333333	0.8564	0.05809136199951172	0.0585838330745697
231	0.8508333333333333	0.8564	0.0580132176955541	0.05850860104560852
232	0.8508333333333333	0.8564	0.05793879735867182	0.05843696173429489
233	0.85085	0.8563	0.05786791910727819	0.05836876958608627
234	0.85085	0.8563	0.05780041119257609	0.05830383815765381
235	0.85085	0.8563	0.05773611777623495	0.05824201426506043
236	0.8508333333333333	0.8563	0.057674881398677824	0.05818315371274948
237	0.8508333333333333	0.8563	0.057616556092103324	0.058127114629745485
238	0.8508333333333333	0.8563	0.05756100984414419	0.058073757314682006
239	0.8508333333333333	0.8563	0.05750810381571452	0.05802295442819595
240	0.8508333333333333	0.8563	0.05745771321853002	0.05797459273338318
241	0.8508333333333333	0.8564	0.057409719924132026	0.05792855076789856
242	0.8508333333333333	0.8564	0.057364011120796206	0.05788471006155014
243	0.8508333333333333	0.8564	0.0573204740802447	0.05784296038150787
244	0.8508333333333333	0.8564	0.057279008881251016	0.05780322198867798
245	0.8508333333333333	0.8564	0.05723951205412547	0.05776539229154587
246	0.8508333333333333	0.8564	0.05720189615885417	0.05772937526702881
247	0.8508333333333333	0.8564	0.05716606969833374	0.05769508382081986
248	0.8508333333333333	0.8564	0.057131943519910175	0.05766243103742599
249	0.8508333333333333	0.8564	0.057099441881974536	0.05763135063648224
250	0.8508333333333333	0.8564	0.057068484274546305	0.05760176864862442
251	0.8508333333333333	0.8564	0.05703899811108907	0.0575735968708992
252	0.8508333333333333	0.8564	0.05701091274023056	0.05754677627086639
253	0.8508333333333333	0.8564	0.056984161790212	0.05752124786376953
254	0.8508333333333333	0.8564	0.05695868341525396	0.05749694415330887
255	0.8508333333333333	0.8564	0.05693441556294759	0.05747381311655045
256	0.8508333333333333	0.8564	0.05691130112012227	0.05745177628993988
257	0.8508333333333333	0.8564	0.05688928557236989	0.05743081082105637
258	0.8508333333333333	0.8564	0.05686831487417221	0.057410846734046936
259	0.8508333333333333	0.8564	0.056848339414596556	0.057391845965385435
260	0.8508333333333333	0.8564	0.056829314653078715	0.05737375682592392
261	0.85085	0.8564	0.05681119304100672	0.057356528687477114
262	0.85085	0.8564	0.05679393201669057	0.057340152323246005
263	0.85085	0.8564	0.05677749218940735	0.05732454485893249
264	0.85085	0.8564	0.056761831712722775	0.057309683227539064
265	0.85085	0.8564	0.0567469153881073	0.05729555242061615
266	0.85085	0.8564	0.056732708183924355	0.05728209199905396
267	0.85085	0.8564	0.056719176530838016	0.05726928915977478
268	0.85085	0.8564	0.056706285679340364	0.057257083559036255
269	0.85085	0.8564	0.05669400751590729	0.05724548686742783
270	0.85085	0.8564	0.05668231152693431	0.057234441673755646
271	0.85085	0.8564	0.05667117024262746	0.05722392758131027
272	0.85085	0.8564	0.05666056022246679	0.05721391422748566
273	0.85085	0.8564	0.056650455284118655	0.057204398512840274
274	0.85085	0.8564	0.05664082619746526	0.05719532680511474
275	0.85085	0.8564	0.05663165733019511	0.05718669670820236
276	0.85085	0.8564	0.05662292005221049	0.057178483176231386
277	0.85085	0.8564	0.056614600686232246	0.05717066526412964
278	0.85085	0.8564	0.05660667510032654	0.057163234782218936
279	0.85085	0.8564	0.05659912692308426	0.05715615683794022
280	0.85085	0.8564	0.056591935348510744	0.057149415409564974
281	0.85085	0.8564	0.05658508307536443	0.05714300429821014
282	0.85085	0.8564	0.05657856065829595	0.057136899363994596
283	0.85085	0.8564	0.056572345956166586	0.05713110476732254
284	0.85085	0.8564	0.05656642557779948	0.05712558394670487
285	0.85085	0.8564	0.056560784963766736	0.05712032873630524
286	0.85085	0.8564	0.05655541340112686	0.05711532317399979
287	0.85085	0.8564	0.0565502969900767	0.057110564482212064
288	0.85085	0.8564	0.05654542237917582	0.057106038641929625
289	0.85085	0.8564	0.05654077947537104	0.057101714909076694
290	0.85085	0.8564	0.0565363573551178	0.057097624027729034
291	0.85085	0.8564	0.056532144272327424	0.057093721055984495
292	0.85085	0.8564	0.056528131353855135	0.057090013790130616
293	0.85085	0.8564	0.05652430845499039	0.057086482667922975
294	0.85085	0.8564	0.056520668558279676	0.05708311581611633
295	0.85085	0.8564	0.0565171991944313	0.05707992491722107
296	0.85085	0.8563	0.05651389415661494	0.0570768784403801
297	0.85085	0.8563	0.05651074737707774	0.05707399204969406
298	0.85085	0.8563	0.056507748472690585	0.057071239507198335
299	0.85085	0.8563	0.056504893187681836	0.057068623208999636
300	0.85085	0.8563	0.05650217412312825	0.057066138875484465
301	0.85085	0.8563	0.05649958204825719	0.057063764822483064
302	0.85085	0.8563	0.056497113247712456	0.05706151041984558
303	0.85085	0.8563	0.056494760616620385	0.05705936667919159
304	0.85085	0.8563	0.056492521393299105	0.05705733653306961
305	0.85085	0.8563	0.05649038678805034	0.05705539453029632
306	0.85085	0.8563	0.056488355553150175	0.05705355072021484
307	0.85085	0.8563	0.0564864185889562	0.057051803839206695
308	0.8508666666666667	0.8563	0.056484574925899506	0.05705013709068298
309	0.8508666666666667	0.8563	0.05648281681140264	0.05704854937791824
310	0.8508666666666667	0.8563	0.056481143295764924	0.0570470446228981
311	0.8508666666666667	0.8563	0.05647954792579015	0.05704561046361923
312	0.8508666666666667	0.8563	0.056478029811382294	0.057044258809089664
313	0.8508666666666667	0.8563	0.05647658199071884	0.057042962276935574
314	0.8508666666666667	0.8563	0.056475204722086586	0.05704172033071518
315	0.8508666666666667	0.8563	0.056473889911174774	0.057040558981895445
316	0.8508666666666667	0.8563	0.05647264035542806	0.05703944581747055
317	0.8508666666666667	0.8563	0.056471449172496795	0.05703838770389557
318	0.8508666666666667	0.8563	0.05647031314770381	0.05703738441467285
319	0.8508666666666667	0.8563	0.05646923320293427	0.05703643192052841
320	0.8508666666666667	0.8563	0.056468202336629233	0.05703551802635193
321	0.8508666666666667	0.8563	0.05646722103357315	0.05703465486764908
322	0.8508666666666667	0.8563	0.05646628758907318	0.05703383560180664
323	0.8508666666666667	0.8563	0.056465396082401274	0.05703306019306183
324	0.8508666666666667	0.8563	0.05646454796393712	0.05703231116533279
325	0.8508666666666667	0.8563	0.05646373932758967	0.05703161914348602
326	0.8508666666666667	0.8563	0.0564629706343015	0.05703095812797546
327	0.8508666666666667	0.8563	0.0564622367978096	0.05703031941652298
328	0.8508666666666667	0.8563	0.05646153800884882	0.05702971770763397
329	0.8508666666666667	0.8563	0.05646087194283803	0.057029159247875216
330	0.8508666666666667	0.8563	0.056460239601135255	0.05702860295772552
331	0.8508666666666667	0.8563	0.05645963469346364	0.057028094494342804
332	0.8508666666666667	0.8563	0.05645906100670497	0.057027588832378386
333	0.8508666666666667	0.8563	0.05645851194063822	0.057027138996124264
334	0.8508666666666667	0.8563	0.056457988488674164	0.05702668858766556
335	0.8508666666666667	0.8563	0.05645749230782191	0.05702625818252564
336	0.8508666666666667	0.8563	0.0564570191582044	0.057025873935222626
337	0.8508666666666667	0.8563	0.05645656798283259	0.05702550103664398
338	0.8508666666666667	0.8563	0.05645613796710968	0.05702513892650604
339	0.8508666666666667	0.8563	0.05645572912693024	0.057024791312217715
340	0.8508666666666667	0.8563	0.056455337889989216	0.057024476301670075
341	0.8508666666666667	0.8563	0.05645496597290039	0.057024158143997195
342	0.8508666666666667	0.8563	0.05645461219549179	0.05702387056350708
343	0.8508666666666667	0.8563	0.05645427411794662	0.057023600959777834
344	0.8508666666666667	0.8563	0.05645395148992539	0.05702333501577377
345	0.8508666666666667	0.8563	0.056453646020094554	0.0570230796456337
346	0.8508666666666667	0.8563	0.05645335251092911	0.05702284728288651
347	0.8508666666666667	0.8563	0.056453076815605165	0.05702262394428253
348	0.8508666666666667	0.8563	0.056452813470363614	0.05702241426706314
349	0.8508666666666667	0.8563	0.05645255994399389	0.05702221291065216
350	0.8508666666666667	0.8563	0.05645232006708781	0.05702201925516129
351	0.8508666666666667	0.8563	0.05645209114551544	0.0570218425989151
352	0.8508666666666667	0.8563	0.056451873926321665	0.05702165726423263
353	0.8508666666666667	0.8563	0.05645166523853938	0.05702150651216507
354	0.8508666666666667	0.8563	0.056451468340555824	0.05702134910821915
355	0.8508666666666667	0.8563	0.05645127948125203	0.057021204507350924
356	0.8508666666666667	0.8563	0.05645110143025716	0.05702106254100799
357	0.8508666666666667	0.8563	0.05645092931985855	0.05702094378471374
358	0.8508666666666667	0.8563	0.05645076851050059	0.057020814895629886
359	0.8508666666666667	0.8563	0.05645060940186183	0.05702069532871246
360	0.8508666666666667	0.8563	0.05645046195586523	0.05702059017419815
361	0.8508666666666667	0.8563	0.05645032142798106	0.0570204852104187
362	0.8508666666666667	0.8563	0.056450187158584596	0.05702039095163346
363	0.8508666666666667	0.8563	0.05645005993843079	0.05702029050588608
364	0.8508666666666667	0.8563	0.056449938309192656	0.05702020564079285
365	0.8508666666666667	0.8563	0.05644982126156489	0.05702012209892273
366	0.8508666666666667	0.8563	0.05644971100091934	0.057020045375823974
367	0.8508666666666667	0.8563	0.0564496068517367	0.057019969344139096
368	0.8508666666666667	0.8563	0.056449506080150605	0.05701989299058914
369	0.8508666666666667	0.8563	0.05644940988222758	0.057019821941852566
370	0.8508666666666667	0.8563	0.056449318226178484	0.057019773030281065
371	0.8508666666666667	0.8563	0.05644923178752263	0.05701970759630203
372	0.8508666666666667	0.8563	0.05644914969205856	0.057019652724266054
373	0.8508666666666667	0.8563	0.05644907111326854	0.05701959159374237
374	0.8508666666666667	0.8563	0.056448996218045555	0.05701954621076584
375	0.8508666666666667	0.8563	0.05644892506202062	0.057019495022296904
376	0.8508666666666667	0.8563	0.05644885737101237	0.05701945035457611
377	0.8508666666666667	0.8563	0.05644879041910172	0.0570194133400917
378	0.8508666666666667	0.8563	0.05644872791767121	0.057019371950626375
379	0.8508666666666667	0.8563	0.05644867004156113	0.057019332420825956
380	0.8508666666666667	0.8563	0.05644861367543538	0.057019299137592315
381	0.8508666666666667	0.8563	0.05644855953454971	0.05701927013397217
382	0.8508666666666667	0.8563	0.056448509446779885	0.05701924351453781
383	0.8508666666666667	0.8563	0.05644846116701762	0.05701921525001526
384	0.8508666666666667	0.8563	0.056448414679368335	0.05701918442249298
385	0.8508666666666667	0.8563	0.056448370377222695	0.05701916235685348
386	0.8508666666666667	0.8563	0.056448328268527984	0.057019124054908756
387	0.8508666666666667	0.8563	0.05644828797976176	0.057019114232063295
388	0.8508666666666667	0.8563	0.056448249951998396	0.057019080913066865
389	0.8508666666666667	0.8563	0.05644821393887202	0.05701906032562256
390	0.8508666666666667	0.8563	0.05644817932844162	0.05701905146837234
391	0.8508666666666667	0.8563	0.05644814813137054	0.05701903125047684
392	0.8508666666666667	0.8563	0.05644811669588089	0.05701900953054428
393	0.8508666666666667	0.8563	0.05644808578093847	0.05701899665594101
394	0.8508666666666667	0.8563	0.05644805611769358	0.05701898694038391
395	0.8508666666666667	0.8563	0.056448029704888665	0.05701897822618485
396	0.8508666666666667	0.8563	0.056448002592722576	0.05701895930767059
397	0.8508666666666667	0.8563	0.05644797949790955	0.05701894700527191
398	0.8508666666666667	0.8563	0.05644795661767324	0.05701893428564072
399	0.8508666666666667	0.8563	0.05644793301820755	0.05701892364025116
400	0.8508666666666667	0.8563	0.056447912081082664	0.05701892486810684
401	0.8508666666666667	0.8563	0.05644789116779963	0.0570189104795456
402	0.8508666666666667	0.8563	0.05644787233273188	0.057018896603584286
403	0.8508666666666667	0.8563	0.0564478541135788	0.0570189001083374
404	0.8508666666666667	0.8563	0.056447837674617765	0.057018894529342654
405	0.8508666666666667	0.8563	0.05644782060782114	0.057018876767158506
406	0.8508666666666667	0.8563	0.056447804737091066	0.05701886657476425
407	0.8508666666666667	0.8563	0.05644778910080592	0.05701887638568878
408	0.8508666666666667	0.8563	0.056447774080435435	0.05701886451244354
409	0.8508666666666667	0.8563	0.05644775979916255	0.0570188667178154
410	0.8508666666666667	0.8563	0.0564477472782135	0.057018852269649506
411	0.8508666666666667	0.8563	0.056447735583782195	0.05701884924173355
412	0.8508666666666667	0.8563	0.05644772317409515	0.05701884996891022
413	0.8508666666666667	0.8563	0.05644771085182826	0.057018849742412565
414	0.8508666666666667	0.8563	0.056447700746854144	0.05701885099411011
415	0.8508666666666667	0.8563	0.05644769006172816	0.057018840336799624
416	0.8508666666666667	0.8563	0.05644767969846726	0.05701884162425995
417	0.8508666666666667	0.8563	0.05644767156044642	0.05701884444952011
418	0.8508666666666667	0.8563	0.05644766252040863	0.05701884130239487
419	0.8508666666666667	0.8563	0.05644765345652898	0.05701883897781372
420	0.8508666666666667	0.8563	0.05644764594634374	0.05701883782148361
421	0.8508666666666667	0.8563	0.0564476388891538	0.05701884155273437
422	0.8508666666666667	0.8563	0.056447631446520485	0.057018840503692624
423	0.8508666666666667	0.8563	0.05644762438933055	0.05701883653402329
424	0.8508666666666667	0.8563	0.056447617904345194	0.05701883490085602
425	0.8508666666666667	0.8563	0.056447611554463706	0.05701883995532989
426	0.8508666666666667	0.8563	0.05644760681788127	0.05701884164810181
427	0.8508666666666667	0.8563	0.056447599188486734	0.057018835699558255
428	0.8508666666666667	0.8563	0.05644759566783905	0.05701883529424667
429	0.8508666666666667	0.8563	0.056447588741779325	0.05701883945465088
430	0.8508666666666667	0.8563	0.056447583615779874	0.057018833661079404
431	0.8508666666666667	0.8563	0.05644757875998815	0.057018839931488034
432	0.8508666666666667	0.8563	0.056447573673725125	0.05701883760690689
433	0.8508666666666667	0.8563	0.05644757030010224	0.05701883807182312
434	0.8508666666666667	0.8563	0.0564475656191508	0.057018838143348696
435	0.8508666666666667	0.8563	0.056447561526298526	0.057018838727474215
436	0.8508666666666667	0.8563	0.05644755923748016	0.05701884146928787
437	0.8508666666666667	0.8563	0.056447554405530294	0.05701884372234344
438	0.8508666666666667	0.8563	0.05644755213658015	0.05701885199546814
439	0.8508666666666667	0.8563	0.05644754842917125	0.0570188499212265
440	0.8508666666666667	0.8563	0.056447545409202576	0.05701885402202606
441	0.8508666666666667	0.8563	0.05644754206339518	0.05701885211467743
442	0.8508666666666667	0.8563	0.05644753775993983	0.05701885305643082
443	0.8508666666666667	0.8563	0.05644753587245941	0.057018847155570984
444	0.8508666666666667	0.8563	0.05644753334124883	0.057018865370750425
445	0.8508666666666667	0.8563	0.056447530921300254	0.057018857562541964
446	0.8508666666666667	0.8563	0.05644752846161524	0.05701885851621628
447	0.8508666666666667	0.8563	0.0564475263873736	0.057018855357170106
448	0.8508666666666667	0.8563	0.056447525282700854	0.057018852829933166
449	0.8508666666666667	0.8563	0.056447522592544555	0.057018859612941744
450	0.8508666666666667	0.8563	0.05644752241373062	0.057018860042095186
451	0.8508666666666667	0.8563	0.05644751983086268	0.05701886398792267
452	0.8508666666666667	0.8563	0.05644751743475596	0.05701886866092682
453	0.8508666666666667	0.8563	0.05644751715660095	0.05701886477470398
454	0.8508666666666667	0.8563	0.056447512630621595	0.057018872654438016
455	0.8508666666666667	0.8563	0.056447511784235634	0.057018876814842225
456	0.8508666666666667	0.8563	0.056447511140505474	0.05701887422800064
457	0.8508666666666667	0.8563	0.05644751031796137	0.05701887711286545
458	0.8508666666666667	0.8563	0.05644750964641571	0.057018885147571564
459	0.8508666666666667	0.8563	0.05644750764369964	0.05701888809204102
460	0.8508666666666667	0.8563	0.05644750663042068	0.05701887283325195
461	0.8508666666666667	0.8563	0.05644750608603159	0.05701887707710266
462	0.8508666666666667	0.8563	0.05644750570058823	0.05701887809038162
463	0.8508666666666667	0.8563	0.056447504377365114	0.05701888153553009
464	0.8508666666666667	0.8563	0.05644750244617462	0.05701887900829315
465	0.8508666666666667	0.8563	0.056447502223650615	0.057018883073329925
466	0.8508666666666667	0.8563	0.056447500725587206	0.057018887782096864
467	0.8508666666666667	0.8563	0.05644750043551127	0.05701888744831085
468	0.8508666666666667	0.8563	0.05644749944210053	0.05701888433694839
469	0.8508666666666667	0.8563	0.05644749666849772	0.05701888630390167
470	0.8508666666666667	0.8563	0.056447497590382895	0.05701889373064041
471	0.8508666666666667	0.8563	0.05644749649365743	0.05701888798475265
472	0.8508666666666667	0.8563	0.05644749523003896	0.057018896567821505
473	0.8508666666666667	0.8563	0.05644749684731166	0.05701890357732773
474	0.8508666666666667	0.8563	0.05644749402205149	0.05701890162229538
475	0.8508666666666667	0.8563	0.056447494395573936	0.05701890616416931
476	0.8508666666666667	0.8563	0.05644749449888865	0.05701890969276428
477	0.8508666666666667	0.8563	0.056447492349147796	0.05701891356706619
478	0.8508666666666667	0.8563	0.056447492937246956	0.05701890698671341
479	0.8508666666666667	0.8563	0.05644749212265015	0.05701890461444855
480	0.8508666666666667	0.8563	0.05644749174118042	0.057018906486034394
481	0.8508666666666667	0.8563	0.056447492357095085	0.05701890770196915
482	0.8508666666666667	0.8563	0.05644749120473862	0.057018901860713955
483	0.8508666666666667	0.8563	0.05644749099016189	0.05701890114545822
484	0.8508666666666667	0.8563	0.05644749113718669	0.057018906939029695
485	0.8508666666666667	0.8563	0.05644749014377594	0.057018913841247555
486	0.8508666666666667	0.8563	0.05644749055703481	0.057018912625312806
487	0.8508666666666667	0.8563	0.05644749054114024	0.057018910586833955
488	0.8508666666666667	0.8563	0.056447490338484445	0.05701891663074493
489	0.8508666666666667	0.8563	0.05644748831192652	0.05701891129016876
490	0.8508666666666667	0.8563	0.05644748702049256	0.05701891700029373
491	0.8508666666666667	0.8563	0.05644748828411102	0.0570189192533493
492	0.8508666666666667	0.8563	0.05644748765230179	0.05701891556978226
493	0.8508666666666667	0.8563	0.05644748799800873	0.057018918991088866
494	0.8508666666666667	0.8563	0.05644748756885529	0.057018917870521546
495	0.8508666666666667	0.8563	0.05644748838742574	0.057018919503688814
496	0.8508666666666667	0.8563	0.05644748751322429	0.05701892169713974
497	0.8508666666666667	0.8563	0.05644748745361964	0.0570189199924469
498	0.8508666666666667	0.8563	0.05644748729864756	0.05701892346143723
499	0.8508666666666667	0.8563	0.056447486106554666	0.0570189227938652
