0 0.2868833333333333 0.4066 751.882858618164 101.50081572265626
1 0.45915 0.5392 75.56923948567709 59.96850844726563
2 0.58075 0.6393 49.45202158610026 41.45771862792969
3 0.6697 0.7089 35.44414962972005 30.372693383789063
4 0.7298333333333333 0.756 26.419675992838542 22.913700756835937
5 0.77045 0.7831 20.12512648722331 17.58611600341797
6 0.7976333333333333 0.8014 15.538307124837239 13.646330444335938
7 0.81465 0.8175 12.105104376220703 10.668809674072266
8 0.82585 0.826 9.490281013997397 8.386159808349609
9 0.8326833333333333 0.8319 7.475189465332031 6.619045153808594
10 0.8379666666666666 0.835 5.909435163370768 5.241540954589844
11 0.8412833333333334 0.8378 4.685570117696126 4.162308761596679
12 0.8434 0.8399 3.724712796020508 3.3135483947753905
13 0.8451 0.8406 2.9678055976867674 2.6440875762939453
14 0.8462666666666666 0.8429 2.3699958819071454 2.1148307083129882
15 0.8475 0.8429 1.8968572171529134 1.695638395690918
16 0.8478333333333333 0.8436 1.5217559641520182 1.3631172180175781
17 0.8482333333333333 0.8439 1.2239623488108318 1.0990135131835939
18 0.8485666666666667 0.8451 0.9872661307017009 0.8890263481140137
19 0.8488 0.8452 0.7989445201873779 0.7219148109436035
20 0.8489666666666666 0.8448 0.6489823666890462 0.5888197612762451
21 0.8487333333333333 0.8445 0.529476996866862 0.48274436683654787
22 0.8491 0.8442 0.4341802282969157 0.39815244636535646
23 0.8492666666666666 0.8441 0.35814387906392414 0.3306570680618286
24 0.8492833333333333 0.8446 0.2974437470753988 0.27677742195129396
25 0.8493333333333334 0.8443 0.24896398502985637 0.23374863948822022
26 0.8494666666666667 0.8441 0.2102280369122823 0.19937243881225586
27 0.8495666666666667 0.8439 0.1792656777381897 0.17189949045181274
28 0.84955 0.8444 0.15450825422604877 0.1499367787361145
29 0.8495833333333334 0.8444 0.1347059507369995 0.1323742386817932
30 0.8495333333333334 0.8445 0.11886234987576802 0.11832674551010132
31 0.8495666666666667 0.8446 0.1061826290210088 0.10708826866149902
32 0.8496166666666667 0.8445 0.09603243180116018 0.09809526481628418
33 0.8496 0.8445 0.08790524259408315 0.09089773578643799
34 0.8496166666666667 0.8447 0.08139645821253459 0.08513627572059632
35 0.8496166666666667 0.8444 0.07618274632294973 0.08052366304397583
36 0.8496333333333334 0.8444 0.07200564007759094 0.0768303554058075
37 0.8495833333333334 0.8444 0.06865845121145249 0.07387279806137086
38 0.8496333333333334 0.8446 0.06597585296630859 0.07150419056415558
39 0.84965 0.8445 0.06382556350628535 0.06960708763599396
40 0.8496 0.8445 0.06210170718828837 0.06808754780292511
41 0.8496166666666667 0.8445 0.06071953378121058 0.06687036554813384
42 0.84965 0.8445 0.059611183110872906 0.06589533398151398
43 0.84965 0.8445 0.05872230050961177 0.06511427671909333
44 0.8496833333333333 0.8445 0.058009353137016294 0.06448859760761261
45 0.8496833333333333 0.8445 0.05743746534585953 0.06398738403320313
46 0.8496666666666667 0.8445 0.056978679676850635 0.06358592684268952
47 0.84965 0.8446 0.0566105990767479 0.06326436166763305
48 0.84965 0.8446 0.05631526683568955 0.06300679626464843
49 0.8496666666666667 0.8446 0.05607828700145086 0.06280053939819336
50 0.8496666666666667 0.8446 0.055888118855158486 0.06263538384437561
51 0.84965 0.8446 0.05573550761938095 0.06250315275192261
52 0.8496333333333334 0.8446 0.0556130273103714 0.06239730122089386
53 0.8496166666666667 0.8446 0.05551472529967626 0.062312571477890016
54 0.8496166666666667 0.8446 0.05543582858244578 0.062244795513153074
55 0.8496333333333334 0.8447 0.05537250137726466 0.062190570163726804
56 0.8496166666666667 0.8447 0.055321670564015706 0.062147212624549864
57 0.8496166666666667 0.8447 0.05528086862961451 0.062112542533874514
58 0.8496 0.8447 0.05524812059005101 0.062084843134880066
59 0.8496 0.8447 0.05522183265686035 0.06206273288726807
60 0.8496 0.8447 0.055200734396775565 0.06204505622386933
61 0.8496 0.8447 0.05518379862308502 0.06203097615242004
62 0.8496166666666667 0.8447 0.055170204373200735 0.06201972634792328
63 0.8496166666666667 0.8447 0.05515929619868597 0.06201077873706817
64 0.8496166666666667 0.8445 0.055150541575749716 0.062003653740882875
65 0.8496166666666667 0.8445 0.05514351486365 0.06199798300266266
66 0.8496333333333334 0.8445 0.05513787803252538 0.061993482112884524
67 0.8496333333333334 0.8445 0.05513335311412811 0.061989910912513733
68 0.8496333333333334 0.8445 0.05512972427209218 0.06198708438873291
69 0.8496166666666667 0.8445 0.05512681227525075 0.06198484523296356
70 0.8496166666666667 0.8445 0.05512447921435038 0.06198307631015777
71 0.8496166666666667 0.8445 0.05512260606686274 0.061981695079803466
72 0.8496166666666667 0.8445 0.05512110562324524 0.061980583882331845
73 0.8496166666666667 0.8445 0.05511990359624227 0.06197972996234894
74 0.8496166666666667 0.8445 0.05511893893877665 0.06197906470298767
75 0.8496166666666667 0.8445 0.05511816498041153 0.061978535747528075
76 0.8496166666666667 0.8445 0.05511754732926687 0.06197813618183136
77 0.8496166666666667 0.8445 0.05511705131928126 0.06197782940864563
78 0.8496166666666667 0.8445 0.05511665683587392 0.061977585911750795
79 0.8496166666666667 0.8445 0.05511633799473445 0.061977397871017456
80 0.8496166666666667 0.8445 0.05511608457962672 0.06197726583480835
81 0.8496166666666667 0.8445 0.055115882209936774 0.06197716317176819
82 0.8496166666666667 0.8445 0.05511572042703629 0.06197710607051849
83 0.8496166666666667 0.8445 0.055115591649214424 0.06197704863548279
84 0.8496166666666667 0.8445 0.05511548836628596 0.06197701268196106
85 0.8496166666666667 0.8445 0.05511540785630544 0.06197697694301605
86 0.8496166666666667 0.8445 0.055115342088540395 0.061976960968971255
87 0.8496166666666667 0.8445 0.05511529069344202 0.06197695345878601
88 0.8496166666666667 0.8445 0.05511524809201558 0.06197695310115814
89 0.8496166666666667 0.8445 0.05511521636644999 0.06197695920467377
90 0.8496166666666667 0.8445 0.05511519021193186 0.06197695090770722
91 0.8496166666666667 0.8445 0.0551151696006457 0.061976967263221744
92 0.8496166666666667 0.8445 0.05511515227158864 0.06197696747779846
93 0.8496166666666667 0.8445 0.05511514095067978 0.06197697885036468
94 0.8496166666666667 0.8445 0.05511513084173202 0.061976985096931454
95 0.8496166666666667 0.8445 0.05511512256860733 0.06197700698375702
96 0.8496166666666667 0.8445 0.0551151164094607 0.06197699980735779
97 0.8496166666666667 0.8445 0.05511511154969533 0.06197701685428619
98 0.8496166666666667 0.8445 0.055115108867486315 0.061977013611793516
99 0.8496166666666667 0.8445 0.05511510427395503 0.06197702436447144
100 0.8496166666666667 0.8445 0.055115103554725646 0.06197702043056488
101 0.8496166666666667 0.8445 0.05511510181029638 0.061977033472061155
102 0.8496166666666667 0.8445 0.05511509948571523 0.061977039551734926
103 0.8496166666666667 0.8445 0.055115099318822226 0.061977049565315245
104 0.8496166666666667 0.8445 0.055115099851290386 0.06197705240249634
105 0.8496166666666667 0.8445 0.055115099263191226 0.06197705180644989
106 0.8496166666666667 0.8445 0.055115098786354066 0.06197705562114716
